SetDesc: ...
Authors: ...
Reference: ...
Format: lhagrid1
DataVersion: 1
NumMembers: 1
Flavors: [-6, -5, -4, -3, -2, -1, 21, 1, 2, 3, 4, 5, 6]
OrderQCD: 2
FlavorScheme: variable
ErrorType: symmhessian
XMin: 9.9e-07
XMax: 0.99085
QMin: 1
QMax: 14317.8
MZ: 91.1876
MUp: 0
MDown: 0
MStrange: 0
MCharm: 1.43
MBottom: 4.5
MTop: 173
AlphaS_MZ: 0.119941
AlphaS_OrderQCD: 2
AlphaS_Type: ipol
AlphaS_Qs: [1, 1.11291, 1.23856, 1.3784, 1.40397, 1.43, 1.43, 1.50649, 1.58708, 1.67197, 1.7614, 1.85562, 1.95488, 2.05945, 2.16961, 2.28567, 2.40793, 2.53673, 2.67242, 2.81537, 2.96597, 3.12462, 3.29176, 3.46784, 3.65334, 3.84876, 4.05463, 4.27151, 4.5, 4.5, 4.8708, 5.27215, 5.70657, 6.17678, 6.68574, 7.23664, 7.83294, 8.47837, 9.17698, 9.93315, 10.7516, 11.6376, 12.5965, 13.6344, 14.7579, 15.9739, 17.2902, 18.7149, 20.257, 21.9261, 23.7328, 25.6884, 27.8051, 30.0962, 32.5761, 35.2603, 38.1657, 41.3106, 44.7145, 48.399, 52.387, 56.7037, 61.376, 66.4333, 71.9074, 77.8325, 84.2458, 91.1876, 100.139, 109.968, 120.763, 132.617, 145.634, 159.93, 175.628, 175.628, 192.868, 211.8, 232.59, 255.421, 280.493, 308.027, 338.263, 371.466, 407.929, 447.972, 491.945, 540.234, 593.263, 651.498, 715.449, 785.677, 862.799, 947.491, 1040.5, 1142.63, 1254.79, 1377.96, 1513.22, 1661.76, 1824.88, 2004.01, 2200.72, 2416.75, 2653.97, 2914.49, 3200.57, 3514.74, 3859.75, 4238.62, 4654.68, 5111.58, 5613.34, 6164.34, 6769.43, 7433.92, 8163.63, 8964.97, 9844.98, 10811.4, 11872.6, 13038, 14317.8]
AlphaS_Vals: [0.506793, 0.457821, 0.418633, 0.386392, 0.381412, 0.376577, 0.378151, 0.366419, 0.355463, 0.345205, 0.335577, 0.326519, 0.31798, 0.309914, 0.302281, 0.295045, 0.288175, 0.281642, 0.27542, 0.269488, 0.263824, 0.25841, 0.253229, 0.248266, 0.243506, 0.238937, 0.234548, 0.230327, 0.226264, 0.226605, 0.221289, 0.216227, 0.211402, 0.206796, 0.202395, 0.198185, 0.194153, 0.190289, 0.186581, 0.18302, 0.179598, 0.176306, 0.173136, 0.170083, 0.167139, 0.164298, 0.161556, 0.158907, 0.156346, 0.153868, 0.151471, 0.149149, 0.1469, 0.144719, 0.142604, 0.140552, 0.138559, 0.136624, 0.134744, 0.132916, 0.131138, 0.129409, 0.127726, 0.126087, 0.12449, 0.122935, 0.121419, 0.119941, 0.118239, 0.116587, 0.114981, 0.11342, 0.111902, 0.110424, 0.108986, 0.108986, 0.107586, 0.106222, 0.104893, 0.103597, 0.102334, 0.101102, 0.0998997, 0.0987263, 0.0975807, 0.0964618, 0.0953689, 0.0943008, 0.0932569, 0.0922363, 0.0912382, 0.0902619, 0.0893066, 0.0883717, 0.0874565, 0.0865604, 0.0856827, 0.084823, 0.0839807, 0.0831553, 0.0823461, 0.0815528, 0.0807749, 0.080012, 0.0792635, 0.0785292, 0.0778085, 0.0771012, 0.0764068, 0.075725, 0.0750554, 0.0743978, 0.0737517, 0.073117, 0.0724932, 0.0718801, 0.0712775, 0.070685, 0.0701025, 0.0695295, 0.0689661, 0.0684118, 0.0678664]
